14
rat
2, 1, 0, 0, 0, 0, 0, 0, 0, 0, 0
0,0,0,0,0,0,0,0,0,0,0
L_Castle
L_Castle
L_Castle
##########################################    1
goblin
5, 1, 1, 1, 1, 1, -15, -15, -15, -15, -15
0,0,0,0,0,0,0,0,0,0,0
Gob_House
Gob_House
Gob_House
##########################################    2
warrior
19, 7, 5, 4, 1, 1, 12, 15, 10, -1, 12
0,0,0,0,0,0,0,0,0,0,0
Al_KP
Al_KP
Al_KP
##########################################    3
chicken
3, 1, 1, 1, 1, 1, -42, -42, -42, -42, -42
0,0,0,0,0,0,0,0,0,0,0
Chick_Coop
Chick_Coop
Chick_Coop
##########################################    4
king_lewis
1000, 1000, 1000, 1000, 1000, 1000, 1000, 1000, 1000, 1000, 1000
0,0,0,0,0,0,0,0,0,0,0
Varrock_Castle
Varrock_Castle
Varrock_Castle
##########################################    5
saitama
1000, 1000, 1000, 1000, 1000, 1000, 1000, 1000, 1000, 1000, 1000
0,0,0,0,0,0,0,0,0,0,0
L_Castle
L_Castle
Varrock_Square
##########################################    6
wizard_king
1000, 1000, 1000, 1000, 1000, 1000, 1000, 1000, 1000, 1000, 1000
0,0,0,0,0,0,0,0,0,0,0
Wizards_Tower3
Wizards_Tower3
Wizards_Tower3
##########################################    7
lesser_demon
81, 68, 70, 71, 1, 1, 0, 0, 0, -10, -10
0,0,0,0,0,0,0,0,0,0,0
Wizards_Tower2
Wizards_Tower2
Wizards_Tower2
##########################################    8
goblin_slayer
25, 25, 0, 0, 0, 0, -10, -10, -10, -10, -10
0,0,0,0,0,0,0,0,0,0,0
Goblin_Village
Goblin_Village
Goblin_Village
##########################################    9
ghost
15, 0, 0, 0, 10, 0, 10, 10, 10, -20, 10
0,0,0,0,0,0,0,0,0,0,0
Draynor_Manor
Draynor_Manor
Draynor_Manor
##########################################    10
sir_clayton
1, 0, 0, 0, 0, 0, 0, 0, 0, 0, 0
0,0,0,0,0,0,0,0,0,0,0
White_Knights_Castle
White_Knights_Castle
White_Knights_Castle
##########################################    11
monk
15, 2, 2, 3, 1, 1, 0, 0, 0, 0, 0
0,0,0,0,0,0,0,0,0,0,0
Monastery
Monastery
Monastery
##########################################    12
setsu_sama
1000, 1000, 1000, 1000, 1000, 1000, 1000, 1000, 1000, 1000, 1000
0,0,0,0,0,0,0,0,0,0,0
L_Castle
L_Castle
Flador
##########################################    13
chun-woo
1000, 1000, 1000, 1000, 1000, 1000, 1000, 1000, 1000, 1000, 1000
0,0,0,0,0,0,0,0,0,0,0
Flador
Flador
Varrock_Square
##########################################    14